18
1
65
14
78.3017
104.346
80.8735
3835
3
2 162.156
5 43.7797
8 58.0007
2
191
116
28.226
37.2864
30.7994
3425
11
1 162.156
3 89.8852
4 60.7814
5 118.4
6 83.4931
11 74.3705
12 39.2025
13 50.4222
14 76.9225
15 35.9616
17 61.261
3
195
26
35.3861
47.596
35.8297
1515
4
2 89.8852
4 108.833
6 23.4435
12 51.1796
4
252
119
12.9555
23.4716
28.6592
11213
7
2 60.7814
3 108.833
6 90.0498
7 43.9139
13 46.5659
14 99.9506
18 193.271
5
100
40
55.6471
75.0931
64.0444
5283
8
1 43.7797
2 118.4
8 50.8447
9 35.8643
11 92.2973
14 174.102
15 109.737
16 118.508
6
216
36
53.4041
74.8401
72.3623
1314
5
2 83.4931
3 23.4435
4 90.0498
12 45.0199
13 119.166
7
296
118
26.0702
42.9362
38.8256
10584
4
4 43.9139
13 81.805
14 133.9
18 233.17
8
60
71
58.2603
75.7299
71.9255
2470
6
1 58.0007
5 50.8447
9 47.2831
10 22.0597
11 83.3351
16 76.9431
9
107
76
249.85
251.786
250.723
2683
3
5 35.8643
8 47.2831
11 56.434
10
38
76
252.28
253.638
253.137
2674
2
8 22.0597
16 73.0155
11
118
131
52.7705
69.256
56.8997
5669
8
2 74.3705
5 92.2973
8 83.3351
9 56.434
14 90.5514
15 41.0817
16 70.3914
18 87.1923
12
197
77
246.584
248.805
246.466
1720
5
2 39.2025
3 51.1796
6 45.0199
13 81.9765
14 116.056
13
223
155
33.1663
52.5319
54.2679
2038
8
2 50.4222
4 46.5659
6 119.166
7 81.805
12 81.9765
14 53.5785
17 29.6222
18 151.638
14
184
193
42.5606
57.049
49.5328
3099
10
2 76.9225
4 99.9506
5 174.102
7 133.9
11 90.5514
12 116.056
13 53.5785
15 64.9742
17 23.9674
18 104.528
15
159
133
107.877
126.284
114.685
2332
4
2 35.9616
5 109.737
11 41.0817
14 64.9742
16
50
148
17.4067
22.1073
17.9105
6300
5
5 118.508
8 76.9431
10 73.0155
11 70.3914
18 69.5863
17
202
176
25.2961
32.7621
26.6592
1030
3
2 61.261
13 29.6222
14 23.9674
18
81
210
116.807
130.698
101.784
9616
6
4 193.271
7 233.17
11 87.1923
13 151.638
14 104.528
16 69.5863
