17
1
7
76
25.5859
36.3412
32.7473
1630
3
2 125.328
6 107.454
10 111.509
2
122
28
32.5822
45.2948
37.941
5708
7
1 125.328
3 17.0324
4 124.414
6 17.9309
7 58.1072
10 133.861
12 140.974
3
118
12
47.8405
64.4067
49.9509
2791
1
2 17.0324
4
247
30
17.3509
23.4887
18.4445
2875
7
2 124.414
5 105.299
10 206.149
11 40.165
12 113.012
13 77.8656
14 175.42
5
286
127
10.788
16.6382
16.7072
13675
5
4 105.299
11 66.1204
13 37.6857
14 100.494
16 167.335
6
106
36
32.5925
45.502
38.1155
2562
3
1 107.454
2 17.9309
7 44.0679
7
93
78
66.635
79.5627
74.6294
4553
6
2 58.1072
6 44.0679
8 5.10461
9 64.3452
10 78.7534
15 60.5721
8
88
76
250.157
252.327
250.931
2579
2
7 5.10461
10 80.5701
9
157
76
250.246
252.244
250.004
2476
3
7 64.3452
10 108.246
15 47.6165
10
84
156
26.6725
31.1937
27.0216
17844
11
1 111.509
2 133.861
4 206.149
7 78.7534
8 80.5701
9 108.246
12 129.021
14 144.091
15 64.3739
16 72.6169
17 72.3775
11
255
69
237.212
242.564
235.897
1499
4
4 40.165
5 66.1204
13 38.2093
14 138.571
12
212
137
58.9836
79.8856
66.0311
2991
4
2 140.974
4 113.012
10 129.021
14 66.5677
13
254
107
91.2991
96.0168
90.6117
1906
4
4 77.8656
5 37.6857
11 38.2093
14 101.806
14
220
203
27.1558
34.7405
28.7043
5052
7
4 175.42
5 100.494
10 144.091
11 138.571
12 66.5677
13 101.806
16 82.3234
15
137
120
36.4071
48.0082
37.4053
2186
3
7 60.5721
9 47.6165
10 64.3739
16
138
205
68.1109
80.8268
65.3062
4461
4
5 167.335
10 72.6169
14 82.3234
17 42.2767
17
102
226
120.892
134.407
92.098
2012
2
10 72.3775
16 42.2767
